{
 "cells": [
  {
   "cell_type": "markdown",
   "metadata": {},
   "source": [
    "# 利用PLDA、DLPFC数据生成gene embedding"
   ]
  },
  {
   "cell_type": "markdown",
   "metadata": {},
   "source": [
    "## 先用模拟数据进行演示"
   ]
  },
  {
   "cell_type": "code",
   "execution_count": 2,
   "metadata": {},
   "outputs": [],
   "source": [
    "import gensim\n",
    "from gensim import corpora\n",
    "from sklearn.preprocessing import normalize\n",
    "import numpy as np\n",
    "\n",
    "# 假设你有一个基因表达矩阵 expression_matrix\n",
    "# 行代表基因，列代表样本\n",
    "\n",
    "# 1. 准备数据：将表达矩阵转换为LDA输入格式\n",
    "expression_matrix = np.random.rand(100, 20)  # 假设有100个基因和20个样本\n",
    "normalized_data = normalize(expression_matrix, norm='l1', axis=1)\n",
    "gene_corpus = [list(enumerate(gene)) for gene in normalized_data]\n",
    "\n",
    "# 2. 创建字典\n",
    "gene_dict = corpora.Dictionary([[str(i) for i in range(expression_matrix.shape[1])]])\n",
    "\n",
    "# 3. 训练PLDA模型\n",
    "num_topics = 10  # 假设有10个潜在生物学主题\n",
    "lda_model = gensim.models.LdaModel(corpus=gene_corpus, id2word=gene_dict, num_topics=num_topics)\n",
    "\n",
    "# 4. 获取基因嵌入（每个基因的主题分布）\n",
    "gene_embeddings = []\n",
    "for i in range(expression_matrix.shape[0]):\n",
    "    bow = gene_corpus[i]\n",
    "    topic_distribution = lda_model.get_document_topics(bow, minimum_probability=0)\n",
    "    embedding = np.array([prob for _, prob in topic_distribution])\n",
    "    gene_embeddings.append(embedding)\n",
    "\n",
    "gene_embeddings = np.array(gene_embeddings)  # 这就是生成的基因嵌入"
   ]
  },
  {
   "cell_type": "code",
   "execution_count": 3,
   "metadata": {},
   "outputs": [
    {
     "data": {
      "text/plain": [
       "array([[0.05000716, 0.05001754, 0.05001611, 0.05001943, 0.0500151 ,\n",
       "        0.05000886, 0.05000826, 0.05001519, 0.5498769 , 0.05001539],\n",
       "       [0.05000685, 0.05001654, 0.05001421, 0.05001934, 0.05001611,\n",
       "        0.05001112, 0.05000754, 0.05001194, 0.5498819 , 0.05001445],\n",
       "       [0.05000766, 0.05002069, 0.05001615, 0.05002092, 0.05001592,\n",
       "        0.05000978, 0.05000959, 0.05001508, 0.5498688 , 0.05001539],\n",
       "       [0.05000787, 0.05002069, 0.05001695, 0.0500198 , 0.05001522,\n",
       "        0.05001243, 0.05000892, 0.05001422, 0.5498681 , 0.05001583],\n",
       "       [0.05000841, 0.05001913, 0.05001662, 0.05002087, 0.05001606,\n",
       "        0.05001087, 0.05001013, 0.05001472, 0.5498673 , 0.05001596],\n",
       "       [0.0500083 , 0.05001824, 0.05001632, 0.05001923, 0.05001519,\n",
       "        0.05001162, 0.05000953, 0.05001496, 0.5498711 , 0.05001549],\n",
       "       [0.05000699, 0.05002408, 0.05001657, 0.05001949, 0.05001636,\n",
       "        0.05001088, 0.05000925, 0.05001296, 0.54986686, 0.05001659],\n",
       "       [0.05000699, 0.05001777, 0.05001538, 0.05001825, 0.05001589,\n",
       "        0.05001001, 0.05000801, 0.05001381, 0.54987806, 0.05001585],\n",
       "       [0.05000646, 0.05001722, 0.05001542, 0.05001879, 0.05001349,\n",
       "        0.05000983, 0.05000809, 0.05001331, 0.5498817 , 0.05001566],\n",
       "       [0.05000682, 0.05001737, 0.0500138 , 0.05001808, 0.0500151 ,\n",
       "        0.05000987, 0.05000859, 0.05001326, 0.5498816 , 0.05001558],\n",
       "       [0.05000694, 0.05001826, 0.05001549, 0.05001922, 0.050015  ,\n",
       "        0.05001064, 0.05000967, 0.05001385, 0.5498755 , 0.05001549],\n",
       "       [0.05000767, 0.05001836, 0.05001401, 0.0500188 , 0.05001701,\n",
       "        0.0500104 , 0.05000919, 0.05001369, 0.5498754 , 0.05001547],\n",
       "       [0.05000776, 0.0500193 , 0.0500156 , 0.05002242, 0.05001535,\n",
       "        0.05001047, 0.05001006, 0.05001339, 0.5498696 , 0.05001608],\n",
       "       [0.0500098 , 0.050022  , 0.05001762, 0.5498403 , 0.05001819,\n",
       "        0.05001263, 0.05001083, 0.05001692, 0.05003365, 0.05001806],\n",
       "       [0.05000843, 0.05002724, 0.05001536, 0.05001897, 0.0500167 ,\n",
       "        0.0500099 , 0.05000945, 0.05001298, 0.54986495, 0.05001602],\n",
       "       [0.05000789, 0.05002   , 0.0500163 , 0.05001923, 0.050016  ,\n",
       "        0.05001105, 0.05000843, 0.05001413, 0.54987246, 0.0500145 ],\n",
       "       [0.05000728, 0.05001801, 0.05001516, 0.05002492, 0.05001506,\n",
       "        0.05001175, 0.05000926, 0.05001415, 0.5498687 , 0.05001575],\n",
       "       [0.0500067 , 0.05001701, 0.05001464, 0.05001859, 0.05001468,\n",
       "        0.05001048, 0.05000874, 0.05001364, 0.5498808 , 0.05001465],\n",
       "       [0.05000722, 0.05001973, 0.05001511, 0.05001948, 0.05001608,\n",
       "        0.05001097, 0.05001083, 0.05001367, 0.54987127, 0.05001565],\n",
       "       [0.05000742, 0.05001944, 0.05001715, 0.05002112, 0.05001589,\n",
       "        0.05001269, 0.05001007, 0.05001427, 0.5498673 , 0.05001468],\n",
       "       [0.05000731, 0.0500248 , 0.0500149 , 0.05001986, 0.05001606,\n",
       "        0.0500106 , 0.05000967, 0.05001406, 0.5498676 , 0.05001517],\n",
       "       [0.05000676, 0.05002195, 0.05001511, 0.0500231 , 0.05001504,\n",
       "        0.0500107 , 0.05001013, 0.0500139 , 0.5498669 , 0.05001638],\n",
       "       [0.05000853, 0.05002026, 0.0500161 , 0.05002006, 0.05001586,\n",
       "        0.0500114 , 0.05000883, 0.05001785, 0.5498673 , 0.05001387],\n",
       "       [0.05000623, 0.05001809, 0.05001554, 0.0500208 , 0.05001495,\n",
       "        0.05001051, 0.05000937, 0.05001222, 0.5498757 , 0.05001657],\n",
       "       [0.05000726, 0.05001752, 0.05001508, 0.05002083, 0.05001535,\n",
       "        0.05001194, 0.05001011, 0.05001376, 0.5498711 , 0.05001708],\n",
       "       [0.05001109, 0.5498057 , 0.05002321, 0.05002817, 0.05002092,\n",
       "        0.05002105, 0.0500146 , 0.05001952, 0.05003301, 0.05002275],\n",
       "       [0.05000725, 0.05001751, 0.05001628, 0.05001821, 0.05001522,\n",
       "        0.05001213, 0.05000805, 0.05001368, 0.54987645, 0.05001526],\n",
       "       [0.05000679, 0.05001695, 0.05001528, 0.05001807, 0.05001473,\n",
       "        0.05001055, 0.05000826, 0.05001355, 0.54988045, 0.05001542],\n",
       "       [0.05000731, 0.05001657, 0.05001571, 0.05002005, 0.05001327,\n",
       "        0.05001224, 0.05000988, 0.05001518, 0.5498744 , 0.05001538],\n",
       "       [0.05000869, 0.05001708, 0.0500145 , 0.05002008, 0.05001549,\n",
       "        0.05001042, 0.05000924, 0.0500158 , 0.5498736 , 0.0500151 ],\n",
       "       [0.05000766, 0.05001766, 0.05001559, 0.05001998, 0.05001574,\n",
       "        0.05001213, 0.05000946, 0.05001453, 0.54987293, 0.05001435],\n",
       "       [0.0500073 , 0.0500179 , 0.05001383, 0.05001901, 0.05001549,\n",
       "        0.05001017, 0.05000763, 0.0500157 , 0.5498795 , 0.05001348],\n",
       "       [0.05000801, 0.05002126, 0.05001628, 0.05002635, 0.0500169 ,\n",
       "        0.05001161, 0.05001023, 0.05001406, 0.5498586 , 0.05001666],\n",
       "       [0.05000832, 0.05001795, 0.0500161 , 0.05002047, 0.05001526,\n",
       "        0.05001199, 0.05001131, 0.05001358, 0.5498694 , 0.05001561],\n",
       "       [0.05000807, 0.05001876, 0.05001597, 0.0500196 , 0.05001438,\n",
       "        0.05001039, 0.05000956, 0.05001428, 0.5498741 , 0.05001489],\n",
       "       [0.05000732, 0.05001999, 0.05001463, 0.05001972, 0.05001615,\n",
       "        0.0500096 , 0.05000846, 0.05001259, 0.54987544, 0.05001612],\n",
       "       [0.05000842, 0.0500182 , 0.0500145 , 0.05002014, 0.050016  ,\n",
       "        0.05001087, 0.0500112 , 0.05001373, 0.5498714 , 0.05001555],\n",
       "       [0.05000957, 0.05002277, 0.05001925, 0.5498351 , 0.05002033,\n",
       "        0.05001307, 0.05001251, 0.05001669, 0.05003   , 0.05002068],\n",
       "       [0.05000826, 0.05001682, 0.0500154 , 0.05001997, 0.0500143 ,\n",
       "        0.05001058, 0.05000914, 0.05001593, 0.5498738 , 0.05001577],\n",
       "       [0.05000684, 0.05001689, 0.05001509, 0.05001835, 0.05001443,\n",
       "        0.05001087, 0.05000915, 0.05001288, 0.549879  , 0.05001652],\n",
       "       [0.05000697, 0.05001666, 0.05001543, 0.0500193 , 0.05001563,\n",
       "        0.05001347, 0.05000885, 0.05001371, 0.5498751 , 0.05001491],\n",
       "       [0.05000873, 0.05002148, 0.05001519, 0.0500219 , 0.05001657,\n",
       "        0.05001033, 0.05001082, 0.05001469, 0.54986525, 0.05001504],\n",
       "       [0.05000808, 0.0500188 , 0.05001507, 0.05002467, 0.05001644,\n",
       "        0.05000973, 0.05000984, 0.05001373, 0.54986775, 0.05001591],\n",
       "       [0.05000963, 0.05002413, 0.05001939, 0.5498304 , 0.05002015,\n",
       "        0.05001378, 0.05001106, 0.05001759, 0.05003547, 0.05001842],\n",
       "       [0.05000835, 0.05001781, 0.05001654, 0.05002048, 0.05001483,\n",
       "        0.05001197, 0.05000892, 0.05001524, 0.5498702 , 0.0500157 ],\n",
       "       [0.05000731, 0.05001913, 0.05001698, 0.05001944, 0.05001587,\n",
       "        0.05001132, 0.05000861, 0.05001336, 0.5498727 , 0.05001529],\n",
       "       [0.05000721, 0.0500196 , 0.05001541, 0.05001841, 0.05001457,\n",
       "        0.05001042, 0.0500086 , 0.05001302, 0.5498767 , 0.05001608],\n",
       "       [0.05000813, 0.0500197 , 0.05001579, 0.0500201 , 0.05001669,\n",
       "        0.05001059, 0.05000883, 0.05001447, 0.5498709 , 0.05001482],\n",
       "       [0.05000689, 0.05001879, 0.05001659, 0.05001996, 0.05001468,\n",
       "        0.05001206, 0.05000961, 0.0500138 , 0.54987246, 0.05001519],\n",
       "       [0.05001027, 0.0500213 , 0.05002104, 0.54983306, 0.05001805,\n",
       "        0.05001374, 0.0500102 , 0.05001712, 0.05003553, 0.0500197 ],\n",
       "       [0.05000673, 0.05002031, 0.05001584, 0.05002946, 0.05001576,\n",
       "        0.05001046, 0.05000954, 0.0500137 , 0.5498632 , 0.05001494],\n",
       "       [0.05000636, 0.05001855, 0.05001499, 0.05001995, 0.0500154 ,\n",
       "        0.05001074, 0.05000922, 0.0500147 , 0.5498759 , 0.05001418],\n",
       "       [0.05000663, 0.05001885, 0.05001679, 0.05001928, 0.05001453,\n",
       "        0.05001223, 0.05000943, 0.05001393, 0.5498733 , 0.05001505],\n",
       "       [0.05000722, 0.05001964, 0.05001656, 0.05001925, 0.05001541,\n",
       "        0.05001011, 0.05000782, 0.05001327, 0.5498747 , 0.05001601],\n",
       "       [0.05000965, 0.05001943, 0.05001659, 0.0500206 , 0.05001585,\n",
       "        0.05001134, 0.05000903, 0.0500163 , 0.54986686, 0.05001438],\n",
       "       [0.05000639, 0.05001624, 0.05001604, 0.0500209 , 0.05001434,\n",
       "        0.05001113, 0.05000875, 0.05001347, 0.54987675, 0.050016  ],\n",
       "       [0.05000791, 0.05002402, 0.05001656, 0.05002125, 0.050017  ,\n",
       "        0.05001111, 0.0500098 , 0.05001461, 0.54986304, 0.05001467],\n",
       "       [0.05000829, 0.05001996, 0.05001456, 0.05002419, 0.05001599,\n",
       "        0.05000946, 0.05000986, 0.05001384, 0.5498696 , 0.05001428],\n",
       "       [0.05000699, 0.05001905, 0.05001827, 0.05001928, 0.05001438,\n",
       "        0.05001146, 0.05000791, 0.05001494, 0.5498714 , 0.05001638],\n",
       "       [0.0500082 , 0.05001942, 0.05001869, 0.05002302, 0.05001508,\n",
       "        0.05001195, 0.05000973, 0.05001435, 0.54986334, 0.0500162 ],\n",
       "       [0.05000841, 0.05002011, 0.05001373, 0.05001925, 0.05001696,\n",
       "        0.05001048, 0.05000928, 0.05001413, 0.54987323, 0.05001441],\n",
       "       [0.05000649, 0.05001768, 0.05001594, 0.05001955, 0.05001481,\n",
       "        0.0500129 , 0.0500095 , 0.05001395, 0.549874  , 0.0500152 ],\n",
       "       [0.05000812, 0.05001937, 0.05001646, 0.05001951, 0.05001618,\n",
       "        0.05001123, 0.05000942, 0.05001314, 0.549871  , 0.05001556],\n",
       "       [0.05000785, 0.05001973, 0.05001602, 0.05002819, 0.05001642,\n",
       "        0.05001201, 0.05000954, 0.05001369, 0.5498614 , 0.0500152 ],\n",
       "       [0.05000667, 0.0500185 , 0.05001562, 0.05002097, 0.05001473,\n",
       "        0.05001391, 0.05001029, 0.05001443, 0.54986954, 0.05001532],\n",
       "       [0.050007  , 0.05001875, 0.05001524, 0.05001956, 0.05001533,\n",
       "        0.05000965, 0.05000877, 0.05001474, 0.5498763 , 0.05001468],\n",
       "       [0.05000792, 0.05001794, 0.05001496, 0.05002031, 0.05001562,\n",
       "        0.05001216, 0.05000895, 0.05001483, 0.5498724 , 0.0500149 ],\n",
       "       [0.05000735, 0.05002625, 0.05001502, 0.05001964, 0.05001603,\n",
       "        0.05001107, 0.05000877, 0.05001519, 0.54986537, 0.05001526],\n",
       "       [0.05001002, 0.05001941, 0.05001466, 0.05003043, 0.05001621,\n",
       "        0.05001028, 0.05001025, 0.05001505, 0.54985857, 0.05001513],\n",
       "       [0.05000743, 0.05001656, 0.05001467, 0.05002293, 0.05001426,\n",
       "        0.05001047, 0.05000926, 0.05001423, 0.54987216, 0.05001806],\n",
       "       [0.05001023, 0.5498179 , 0.05002067, 0.05002693, 0.05002168,\n",
       "        0.05001731, 0.0500133 , 0.05002033, 0.05003126, 0.05002037],\n",
       "       [0.05000687, 0.05001892, 0.05001524, 0.05001882, 0.05001548,\n",
       "        0.05000932, 0.05000875, 0.05001362, 0.5498767 , 0.05001631],\n",
       "       [0.05000995, 0.0500177 , 0.05001589, 0.05002179, 0.05001669,\n",
       "        0.05001019, 0.05000905, 0.05001497, 0.5498689 , 0.05001488],\n",
       "       [0.05000702, 0.05002324, 0.05001615, 0.05001952, 0.05001708,\n",
       "        0.05001106, 0.05000944, 0.05001294, 0.54986763, 0.05001588],\n",
       "       [0.0500084 , 0.05001876, 0.05001516, 0.0500206 , 0.05001579,\n",
       "        0.05001065, 0.05001051, 0.05001394, 0.54987067, 0.05001553],\n",
       "       [0.05000728, 0.05001798, 0.0500151 , 0.05001947, 0.05001451,\n",
       "        0.05001212, 0.05000927, 0.05001472, 0.54987437, 0.05001521],\n",
       "       [0.05000624, 0.05001793, 0.05001643, 0.05001874, 0.05001415,\n",
       "        0.05001102, 0.05000928, 0.05001299, 0.54987675, 0.05001649],\n",
       "       [0.05000651, 0.05001942, 0.05001594, 0.05001995, 0.05001543,\n",
       "        0.05001118, 0.0500098 , 0.05001346, 0.54987305, 0.05001526],\n",
       "       [0.05000739, 0.0500197 , 0.05001691, 0.05002254, 0.05001545,\n",
       "        0.05001179, 0.05000899, 0.05001484, 0.5498662 , 0.05001615],\n",
       "       [0.0500076 , 0.05002042, 0.05001648, 0.05002542, 0.0500154 ,\n",
       "        0.05001344, 0.05000978, 0.05001524, 0.54986197, 0.05001428],\n",
       "       [0.05000773, 0.05001891, 0.05001572, 0.05001995, 0.0500164 ,\n",
       "        0.05001115, 0.05000975, 0.05001403, 0.54987067, 0.05001571],\n",
       "       [0.05000837, 0.05002288, 0.05001583, 0.05002126, 0.05001775,\n",
       "        0.05001048, 0.05001039, 0.05001448, 0.5498639 , 0.05001466],\n",
       "       [0.05000755, 0.05001865, 0.05001587, 0.05001995, 0.05001445,\n",
       "        0.05001219, 0.05000926, 0.05001525, 0.54987276, 0.05001409],\n",
       "       [0.05000762, 0.05002039, 0.05001533, 0.05002222, 0.05001723,\n",
       "        0.05001291, 0.05000946, 0.05001448, 0.54986626, 0.05001408],\n",
       "       [0.05000651, 0.05001781, 0.05001625, 0.05001772, 0.05001487,\n",
       "        0.05001127, 0.05000819, 0.05001366, 0.5498781 , 0.05001564],\n",
       "       [0.05000693, 0.0500188 , 0.05001646, 0.05001944, 0.05001528,\n",
       "        0.05001249, 0.05000966, 0.05001318, 0.54987174, 0.05001602],\n",
       "       [0.05000773, 0.05002355, 0.05001547, 0.05001947, 0.05001565,\n",
       "        0.0500113 , 0.05000877, 0.05001462, 0.5498685 , 0.05001491],\n",
       "       [0.05000742, 0.05001825, 0.05001626, 0.05001988, 0.05001558,\n",
       "        0.05001101, 0.05000934, 0.05001432, 0.5498707 , 0.05001719],\n",
       "       [0.05000751, 0.05001923, 0.05001535, 0.0500189 , 0.0500164 ,\n",
       "        0.05000963, 0.05000864, 0.05001393, 0.54987293, 0.05001745],\n",
       "       [0.05000794, 0.05001919, 0.05001479, 0.05002   , 0.05001583,\n",
       "        0.05001082, 0.05001093, 0.05001435, 0.5498699 , 0.05001619],\n",
       "       [0.05000853, 0.05001864, 0.05001601, 0.0500192 , 0.05001562,\n",
       "        0.05001335, 0.05000871, 0.05001418, 0.54987144, 0.05001432],\n",
       "       [0.05000807, 0.05002312, 0.05001607, 0.05002034, 0.05001663,\n",
       "        0.05001177, 0.05000984, 0.0500134 , 0.54986596, 0.05001481],\n",
       "       [0.05000822, 0.05001912, 0.05001787, 0.0500272 , 0.05001613,\n",
       "        0.05001161, 0.05001017, 0.05001361, 0.5498592 , 0.05001684],\n",
       "       [0.05000806, 0.05001883, 0.05001509, 0.05001905, 0.05001608,\n",
       "        0.05001071, 0.05000849, 0.05001424, 0.54987425, 0.05001524],\n",
       "       [0.05000745, 0.0500174 , 0.05001583, 0.05002637, 0.05001531,\n",
       "        0.05001311, 0.05000949, 0.05001366, 0.5498652 , 0.05001619],\n",
       "       [0.05000925, 0.05001952, 0.05001666, 0.0500197 , 0.05001653,\n",
       "        0.05001172, 0.05000959, 0.05001371, 0.54986846, 0.05001482],\n",
       "       [0.05000711, 0.05001854, 0.0500153 , 0.05002058, 0.0500151 ,\n",
       "        0.05000981, 0.05000893, 0.0500135 , 0.54987496, 0.05001619],\n",
       "       [0.0500076 , 0.05002112, 0.05001516, 0.05001997, 0.05001551,\n",
       "        0.05001233, 0.05001067, 0.05001438, 0.54986745, 0.0500158 ],\n",
       "       [0.05000766, 0.05001916, 0.0500143 , 0.05001794, 0.05001685,\n",
       "        0.05001093, 0.05000805, 0.05001376, 0.549876  , 0.05001536],\n",
       "       [0.05000724, 0.05002377, 0.05001591, 0.05002072, 0.05001581,\n",
       "        0.05001143, 0.05000824, 0.05001462, 0.54986626, 0.05001604]],\n",
       "      dtype=float32)"
      ]
     },
     "execution_count": 3,
     "metadata": {},
     "output_type": "execute_result"
    }
   ],
   "source": [
    "#gene_embeddings"
   ]
  },
  {
   "cell_type": "markdown",
   "metadata": {},
   "source": [
    "## 下面用DLPFC数据"
   ]
  },
  {
   "cell_type": "code",
   "execution_count": 8,
   "metadata": {},
   "outputs": [
    {
     "name": "stdout",
     "output_type": "stream",
     "text": [
      "Gene embeddings shape: (3639, 10)\n"
     ]
    }
   ],
   "source": [
    "import warnings\n",
    "import pandas as pd\n",
    "import numpy as np\n",
    "import scanpy as sc\n",
    "import matplotlib.pyplot as plt\n",
    "import os\n",
    "import sys\n",
    "import rpy2\n",
    "from sklearn.metrics.cluster import adjusted_rand_score\n",
    "from sklearn.preprocessing import normalize\n",
    "from sklearn.decomposition import LatentDirichletAllocation as LDA\n",
    "warnings.filterwarnings(\"ignore\")\n",
    "\n",
    "# 读取 h5ad 文件\n",
    "input_dir = '/Users/lee/Documents/bio/STAGATE_pyG_main/Dataset/DLPFC/151673'\n",
    "adata = sc.read_visium(path=input_dir, count_file = 'filtered_feature_bc_matrix.h5')\n",
    "adata.var_names_make_unique()\n",
    "\n",
    "# 获取基因表达矩阵\n",
    "# adata.X包含基因表达数据，按列为基因，按行为细胞\n",
    "expression_matrix = adata.X.toarray()  # 将稀疏矩阵转换为密集矩阵\n",
    "\n",
    "# 数据标准化（也可以选择 'l2' 或 'max' 归一化）\n",
    "expression_matrix = normalize(expression_matrix, norm='l1', axis=1)\n",
    "\n",
    "# 使用 PLDA 生成主题分布 (gene embedding)\n",
    "num_topics = 10  # 这个参数需要具体情况具体修改\n",
    "plda_model = LDA(n_components=num_topics, random_state=42)\n",
    "gene_embeddings = plda_model.fit_transform(expression_matrix)\n",
    "\n",
    "# 输出 gene_embeddings，形状为 (n_samples, n_topics)\n",
    "print(\"Gene embeddings shape:\", gene_embeddings.shape)"
   ]
  },
  {
   "cell_type": "code",
   "execution_count": 9,
   "metadata": {},
   "outputs": [
    {
     "data": {
      "text/plain": [
       "array([[0.4839599 , 0.05733778, 0.05733778, ..., 0.05733778, 0.05733778,\n",
       "        0.05733778],\n",
       "       [0.47432202, 0.05840867, 0.05840867, ..., 0.05840867, 0.05840867,\n",
       "        0.05840867],\n",
       "       [0.47550187, 0.05827757, 0.05827757, ..., 0.05827757, 0.05827757,\n",
       "        0.05827757],\n",
       "       ...,\n",
       "       [0.49028713, 0.05663477, 0.05663477, ..., 0.05663477, 0.05663477,\n",
       "        0.05663477],\n",
       "       [0.47766438, 0.05803728, 0.05803728, ..., 0.05803728, 0.05803728,\n",
       "        0.05803728],\n",
       "       [0.4794875 , 0.05783472, 0.05783472, ..., 0.05783472, 0.05783472,\n",
       "        0.05783472]], dtype=float32)"
      ]
     },
     "execution_count": 9,
     "metadata": {},
     "output_type": "execute_result"
    }
   ],
   "source": [
    "gene_embeddings"
   ]
  },
  {
   "cell_type": "markdown",
   "metadata": {},
   "source": [
    "## 写出最终结果"
   ]
  },
  {
   "cell_type": "code",
   "execution_count": 11,
   "metadata": {},
   "outputs": [
    {
     "name": "stdout",
     "output_type": "stream",
     "text": [
      "Gene embeddings saved to /Users/lee/Documents/bio/Topic_model/gene_embeddings_PLDA\n"
     ]
    }
   ],
   "source": [
    "import pandas as pd\n",
    "\n",
    "# 创建一个 DataFrame\n",
    "gene_embeddings_df = pd.DataFrame(gene_embeddings)\n",
    "\n",
    "# 将结果保存为 CSV 文件\n",
    "output_csv_path = \"/Users/lee/Documents/bio/Topic_model/gene_embeddings_PLDA\"\n",
    "#gene_embeddings_df.to_csv(output_csv_path, index=False)\n",
    "\n",
    "print(f\"Gene embeddings saved to {output_csv_path}\")"
   ]
  },
  {
   "cell_type": "code",
   "execution_count": null,
   "metadata": {},
   "outputs": [],
   "source": []
  }
 ],
 "metadata": {
  "kernelspec": {
   "display_name": "Python 3",
   "language": "python",
   "name": "python3"
  },
  "language_info": {
   "codemirror_mode": {
    "name": "ipython",
    "version": 3
   },
   "file_extension": ".py",
   "mimetype": "text/x-python",
   "name": "python",
   "nbconvert_exporter": "python",
   "pygments_lexer": "ipython3",
   "version": "3.11.7"
  }
 },
 "nbformat": 4,
 "nbformat_minor": 2
}
